{
 "cells": [
  {
   "cell_type": "markdown",
   "metadata": {},
   "source": [
    "# I. $LU$ factorization of a square matrix"
   ]
  },
  {
   "cell_type": "markdown",
   "metadata": {},
   "source": [
    "Consider a simple naive implementation of the LU decomposition. \n",
    "\n",
    "Note that we're using the `numpy` arrays to represent matrices [do **not** use `np.matrix`]."
   ]
  },
  {
   "cell_type": "code",
   "execution_count": 1,
   "metadata": {},
   "outputs": [],
   "source": [
    "import numpy as np\n",
    "\n",
    "def diy_lu(a):\n",
    "    \"\"\"Construct the LU decomposition of the input matrix.\n",
    "    \n",
    "    Naive LU decomposition: work column by column, accumulate elementary triangular matrices.\n",
    "    No pivoting.\n",
    "    \"\"\"\n",
    "    N = a.shape[0]\n",
    "    \n",
    "    u = a.copy()\n",
    "    L = np.eye(N)\n",
    "    for j in range(N-1):\n",
    "        lam = np.eye(N)\n",
    "        gamma = u[j+1:, j] / u[j, j]\n",
    "        lam[j+1:, j] = -gamma\n",
    "        u = lam @ u\n",
    "\n",
    "        lam[j+1:, j] = gamma\n",
    "        L = L @ lam\n",
    "    return L, u"
   ]
  },
  {
   "cell_type": "code",
   "execution_count": 2,
   "metadata": {},
   "outputs": [
    {
     "data": {
      "text/plain": [
       "6"
      ]
     },
     "execution_count": 2,
     "metadata": {},
     "output_type": "execute_result"
    }
   ],
   "source": [
    "# Now, generate a full rank matrix and test the naive implementation\n",
    "\n",
    "import numpy as np\n",
    "\n",
    "N = 6\n",
    "a = np.zeros((N, N), dtype=float)\n",
    "for i in range(N):\n",
    "    for j in range(N):\n",
    "        a[i, j] = 3. / (0.6*i*j + 1)\n",
    "\n",
    "np.linalg.matrix_rank(a)"
   ]
  },
  {
   "cell_type": "code",
   "execution_count": 3,
   "metadata": {},
   "outputs": [],
   "source": [
    "# Tweak the printing of floating-point numbers, for clarity\n",
    "np.set_printoptions(precision=3)"
   ]
  },
  {
   "cell_type": "code",
   "execution_count": 4,
   "metadata": {},
   "outputs": [
    {
     "name": "stdout",
     "output_type": "stream",
     "text": [
      "[[1.    0.    0.    0.    0.    0.   ]\n",
      " [1.    1.    0.    0.    0.    0.   ]\n",
      " [1.    1.455 1.    0.    0.    0.   ]\n",
      " [1.    1.714 1.742 1.    0.    0.   ]\n",
      " [1.    1.882 2.276 2.039 1.    0.   ]\n",
      " [1.    2.    2.671 2.944 2.354 1.   ]] \n",
      "\n",
      "[[ 3.000e+00  3.000e+00  3.000e+00  3.000e+00  3.000e+00  3.000e+00]\n",
      " [ 0.000e+00 -1.125e+00 -1.636e+00 -1.929e+00 -2.118e+00 -2.250e+00]\n",
      " [ 0.000e+00  0.000e+00  2.625e-01  4.574e-01  5.975e-01  7.013e-01]\n",
      " [ 0.000e+00  2.220e-16  0.000e+00 -2.197e-02 -4.480e-02 -6.469e-02]\n",
      " [ 0.000e+00 -4.528e-16  0.000e+00  6.939e-18  8.080e-04  1.902e-03]\n",
      " [ 0.000e+00  4.123e-16  0.000e+00 -1.634e-17  0.000e+00 -1.585e-05]] \n",
      "\n",
      "[[ 0.000e+00  0.000e+00  0.000e+00  0.000e+00  0.000e+00  0.000e+00]\n",
      " [ 0.000e+00  0.000e+00  0.000e+00  0.000e+00  0.000e+00  0.000e+00]\n",
      " [ 0.000e+00  0.000e+00 -1.110e-16  1.110e-16  1.110e-16 -5.551e-17]\n",
      " [ 0.000e+00  0.000e+00  3.331e-16 -2.220e-16 -5.551e-17  0.000e+00]\n",
      " [ 0.000e+00  0.000e+00  0.000e+00 -1.110e-16 -1.665e-16  0.000e+00]\n",
      " [ 0.000e+00  0.000e+00 -1.110e-16 -2.776e-16  1.110e-16  1.110e-16]]\n"
     ]
    }
   ],
   "source": [
    "L, u = diy_lu(a)\n",
    "\n",
    "print(L, \"\\n\")\n",
    "print(u, \"\\n\")\n",
    "\n",
    "# Quick sanity check: L times U must equal the original matrix, up to floating-point errors.\n",
    "print(L@u - a)"
   ]
  },
  {
   "cell_type": "markdown",
   "metadata": {},
   "source": [
    "# II. The need for pivoting"
   ]
  },
  {
   "cell_type": "markdown",
   "metadata": {},
   "source": [
    "Let's tweak the matrix a little bit, we only change a single element:"
   ]
  },
  {
   "cell_type": "code",
   "execution_count": 5,
   "metadata": {},
   "outputs": [],
   "source": [
    "a1 = a.copy()\n",
    "a1[1, 1] = 3"
   ]
  },
  {
   "cell_type": "markdown",
   "metadata": {},
   "source": [
    "Resulting matix still has full rank, but the naive LU routine breaks down."
   ]
  },
  {
   "cell_type": "code",
   "execution_count": 6,
   "metadata": {},
   "outputs": [
    {
     "data": {
      "text/plain": [
       "6"
      ]
     },
     "execution_count": 6,
     "metadata": {},
     "output_type": "execute_result"
    }
   ],
   "source": [
    "np.linalg.matrix_rank(a1)"
   ]
  },
  {
   "cell_type": "code",
   "execution_count": 7,
   "metadata": {},
   "outputs": [
    {
     "name": "stdout",
     "output_type": "stream",
     "text": [
      "[[nan nan nan nan nan nan]\n",
      " [nan nan nan nan nan nan]\n",
      " [nan nan nan nan nan nan]\n",
      " [nan nan nan nan nan nan]\n",
      " [nan nan nan nan nan nan]\n",
      " [nan nan nan nan nan nan]] [[nan nan nan nan nan nan]\n",
      " [nan nan nan nan nan nan]\n",
      " [nan nan nan nan nan nan]\n",
      " [nan nan nan nan nan nan]\n",
      " [nan nan nan nan nan nan]\n",
      " [nan nan nan nan nan nan]]\n"
     ]
    },
    {
     "name": "stderr",
     "output_type": "stream",
     "text": [
      "/srv/conda/envs/notebook/lib/python3.7/site-packages/ipykernel_launcher.py:15: RuntimeWarning: divide by zero encountered in true_divide\n",
      "  from ipykernel import kernelapp as app\n",
      "/srv/conda/envs/notebook/lib/python3.7/site-packages/ipykernel_launcher.py:17: RuntimeWarning: invalid value encountered in matmul\n",
      "/srv/conda/envs/notebook/lib/python3.7/site-packages/ipykernel_launcher.py:20: RuntimeWarning: invalid value encountered in matmul\n",
      "/srv/conda/envs/notebook/lib/python3.7/site-packages/ipykernel_launcher.py:15: RuntimeWarning: invalid value encountered in true_divide\n",
      "  from ipykernel import kernelapp as app\n"
     ]
    }
   ],
   "source": [
    "l, u = diy_lu(a1)\n",
    "\n",
    "print(l, u)"
   ]
  },
  {
   "cell_type": "markdown",
   "metadata": {},
   "source": [
    "### Test II.1\n",
    "\n",
    "For a naive LU decomposition to work, all leading minors of a matrix should be non-zero. Check if this requirement is satisfied for the two matrices `a` and `a1`.\n",
    "\n",
    "(20% of the grade)"
   ]
  },
  {
   "cell_type": "code",
   "execution_count": 8,
   "metadata": {},
   "outputs": [
    {
     "name": "stdout",
     "output_type": "stream",
     "text": [
      "LU decomposition is available for matrix a: True\n",
      "LU decomposition is available for matrix a1: False\n"
     ]
    }
   ],
   "source": [
    "def ifLU(A):\n",
    "    from numpy.linalg import det\n",
    "    for i in range(A.shape[0]):\n",
    "        if det(A[:i,:i]) == 0:\n",
    "            return False\n",
    "    return True\n",
    "\n",
    "print('LU decomposition is available for matrix a:', ifLU(a))\n",
    "print('LU decomposition is available for matrix a1:', ifLU(a1))"
   ]
  },
  {
   "cell_type": "markdown",
   "metadata": {},
   "source": [
    "### Test II.2\n",
    "\n",
    "Modify the `diy_lu` routine to implement column pivoting. Keep track of pivots, you can either construct a permutation matrix, or a swap array (your choice).\n",
    "\n",
    "(40% of the grade)\n",
    "\n",
    "Implement a function to reconstruct the original matrix from a decompositon. Test your routines on the matrices `a` and `a1`.\n",
    "\n",
    "(40% of the grade)"
   ]
  },
  {
   "cell_type": "code",
   "execution_count": 11,
   "metadata": {},
   "outputs": [
    {
     "name": "stdout",
     "output_type": "stream",
     "text": [
      "----------------------------------------------------------------\n",
      " LUP for matrix a:\n",
      "Matrix L:\n",
      "[[1.    0.    0.    0.    0.    0.   ]\n",
      " [1.    1.    0.    0.    0.    0.   ]\n",
      " [1.    1.143 1.    0.    0.    0.   ]\n",
      " [1.    1.2   1.65  1.    0.    0.   ]\n",
      " [1.    1.231 2.09  1.96  1.    0.   ]\n",
      " [1.    1.25  2.406 2.76  2.333 1.   ]]\n",
      "Matrix U:\n",
      "[[ 3.     3.     3.     3.     3.     3.   ]\n",
      " [ 0.    -2.25  -1.125 -2.118 -1.636 -1.929]\n",
      " [ 0.     0.    -0.351 -0.063 -0.248 -0.144]\n",
      " [ 0.     0.     0.     0.01   0.024  0.02 ]\n",
      " [ 0.     0.     0.     0.     0.001  0.   ]\n",
      " [ 0.     0.     0.     0.     0.    -0.   ]]\n",
      "Permutation matrix:\n",
      "[[1. 0. 0. 0. 0. 0.]\n",
      " [0. 0. 0. 0. 0. 1.]\n",
      " [0. 1. 0. 0. 0. 0.]\n",
      " [0. 0. 0. 0. 1. 0.]\n",
      " [0. 0. 1. 0. 0. 0.]\n",
      " [0. 0. 0. 1. 0. 0.]]\n",
      "Initial matrix:\n",
      "[[3.    3.    3.    3.    3.    3.   ]\n",
      " [3.    1.875 1.364 1.071 0.882 0.75 ]\n",
      " [3.    1.364 0.882 0.652 0.517 0.429]\n",
      " [3.    1.071 0.652 0.469 0.366 0.3  ]\n",
      " [3.    0.882 0.517 0.366 0.283 0.231]\n",
      " [3.    0.75  0.429 0.3   0.231 0.188]]\n",
      "LUP:\n",
      "[[3.    3.    3.    3.    3.    3.   ]\n",
      " [3.    1.875 1.364 1.071 0.882 0.75 ]\n",
      " [3.    1.364 0.882 0.652 0.517 0.429]\n",
      " [3.    1.071 0.652 0.469 0.366 0.3  ]\n",
      " [3.    0.882 0.517 0.366 0.283 0.231]\n",
      " [3.    0.75  0.429 0.3   0.231 0.188]]\n",
      "----------------------------------------------------------------\n",
      " LUP for matrix a1:\n",
      "Matrix L:\n",
      "[[1.    0.    0.    0.    0.    0.   ]\n",
      " [1.    1.    0.    0.    0.    0.   ]\n",
      " [1.    1.143 1.    0.    0.    0.   ]\n",
      " [1.    1.2   1.179 1.    0.    0.   ]\n",
      " [1.    1.231 1.294 1.544 1.    0.   ]\n",
      " [1.    1.25  1.375 1.88  2.065 1.   ]]\n",
      "Matrix U:\n",
      "[[ 3.     3.     3.     3.     3.     3.   ]\n",
      " [ 0.    -2.25   0.    -2.118 -1.636 -1.929]\n",
      " [ 0.     0.    -1.636 -0.063 -0.248 -0.144]\n",
      " [ 0.     0.     0.    -0.019 -0.092 -0.048]\n",
      " [ 0.     0.    -0.     0.    -0.006 -0.001]\n",
      " [ 0.     0.     0.     0.    -0.     0.   ]]\n",
      "Permutation matrix:\n",
      "[[1. 0. 0. 0. 0. 0.]\n",
      " [0. 0. 0. 0. 0. 1.]\n",
      " [0. 1. 0. 0. 0. 0.]\n",
      " [0. 0. 0. 0. 1. 0.]\n",
      " [0. 0. 1. 0. 0. 0.]\n",
      " [0. 0. 0. 1. 0. 0.]]\n",
      "Initial matrix:\n",
      "[[3.    3.    3.    3.    3.    3.   ]\n",
      " [3.    3.    1.364 1.071 0.882 0.75 ]\n",
      " [3.    1.364 0.882 0.652 0.517 0.429]\n",
      " [3.    1.071 0.652 0.469 0.366 0.3  ]\n",
      " [3.    0.882 0.517 0.366 0.283 0.231]\n",
      " [3.    0.75  0.429 0.3   0.231 0.188]]\n",
      "LUP:\n",
      "[[3.    3.    3.    3.    3.    3.   ]\n",
      " [3.    3.    1.364 1.071 0.882 0.75 ]\n",
      " [3.    1.364 0.882 0.652 0.517 0.429]\n",
      " [3.    1.071 0.652 0.469 0.366 0.3  ]\n",
      " [3.    0.882 0.517 0.366 0.283 0.231]\n",
      " [3.    0.75  0.429 0.3   0.231 0.188]]\n"
     ]
    }
   ],
   "source": [
    "import numpy as np\n",
    "\n",
    "def pivot(A):\n",
    "    M = A.copy()\n",
    "    N = A.shape[0]\n",
    "    P = np.eye(N)\n",
    "    \n",
    "    for i in range(N):\n",
    "        temp = np.eye(N)\n",
    "        row = np.argmax(np.abs(M[:,i][i:])) + i\n",
    "        temp[[i, row]] = temp[[row, i]]\n",
    "        P = temp @ P\n",
    "        M = temp @ M\n",
    "\n",
    "    return P\n",
    "\n",
    "def LUP_decomposition(A):\n",
    "    N = A.shape[0]    \n",
    "    P = np.eye(N)\n",
    "    U = A.copy()\n",
    "    L = np.eye(N)\n",
    "    \n",
    "    for j in range(N - 1):\n",
    "        lam = np.eye(N)\n",
    "        gamma = U[j + 1:, j] / U[j, j]\n",
    "        lam[j + 1:, j] = -gamma\n",
    "        U = lam @ U\n",
    "        pMatrix = pivot(U).T\n",
    "        U = U @ pMatrix\n",
    "        lam[j + 1:, j] = gamma\n",
    "        L = L @ lam\n",
    "        P = P @ pMatrix\n",
    "    return L, U, P.T\n",
    "\n",
    "np.set_printoptions(suppress=True, linewidth=100)\n",
    "print('----------------------------------------------------------------\\n LUP for matrix a:')\n",
    "L, U, P = LUP_decomposition(a)\n",
    "print('Matrix L:')\n",
    "print(L)\n",
    "print('Matrix U:')\n",
    "print(U)\n",
    "print('Permutation matrix:')\n",
    "print(P)\n",
    "print('Initial matrix:')\n",
    "print(a)\n",
    "print('LUP:')\n",
    "print(L @ U @ P)\n",
    "\n",
    "print('----------------------------------------------------------------\\n LUP for matrix a1:')\n",
    "L, U, P = LUP_decomposition(a1)\n",
    "print('Matrix L:')\n",
    "print(L)\n",
    "print('Matrix U:')\n",
    "print(U)\n",
    "print('Permutation matrix:')\n",
    "print(P)\n",
    "print('Initial matrix:')\n",
    "print(a1)\n",
    "print('LUP:')\n",
    "print(L @ U @ P)"
   ]
  },
  {
   "cell_type": "code",
   "execution_count": null,
   "metadata": {},
   "outputs": [],
   "source": []
  }
 ],
 "metadata": {
  "kernelspec": {
   "display_name": "Python 3",
   "language": "python",
   "name": "python3"
  },
  "language_info": {
   "codemirror_mode": {
    "name": "ipython",
    "version": 3
   },
   "file_extension": ".py",
   "mimetype": "text/x-python",
   "name": "python",
   "nbconvert_exporter": "python",
   "pygments_lexer": "ipython3",
   "version": "3.7.3"
  }
 },
 "nbformat": 4,
 "nbformat_minor": 4
}
